Random seed: 8689706071787519698
---------------- Starting Your Algo --------------------
Configuring your custom algo strategy...
{(13, 0): 0, (14, 0): 0, (12, 1): 0, (13, 1): 0, (14, 1): 0, (15, 1): 0, (11, 2): 0, (12, 2): 0, (13, 2): 0, (14, 2): 0, (15, 2): 0, (16, 2): 0, (10, 3): 0, (11, 3): 0, (12, 3): 0, (13, 3): 0, (14, 3): 0, (15, 3): 0, (16, 3): 0, (17, 3): 0, (9, 4): 0, (10, 4): 0, (11, 4): 0, (12, 4): 0, (13, 4): 0, (14, 4): 0, (15, 4): 0, (16, 4): 0, (17, 4): 0, (18, 4): 0, (8, 5): 0, (9, 5): 0, (10, 5): 0, (11, 5): 0, (12, 5): 0, (13, 5): 0, (14, 5): 0, (15, 5): 0, (16, 5): 0, (17, 5): 0, (18, 5): 0, (19, 5): 0, (7, 6): 0, (8, 6): 0, (9, 6): 0, (10, 6): 0, (11, 6): 0, (12, 6): 0, (13, 6): 0, (14, 6): 0, (15, 6): 0, (16, 6): 0, (17, 6): 0, (18, 6): 0, (19, 6): 0, (20, 6): 0, (6, 7): 0, (7, 7): 0, (8, 7): 0, (9, 7): 0, (10, 7): 0, (11, 7): 0, (12, 7): 0, (13, 7): 0, (14, 7): 0, (15, 7): 0, (16, 7): 0, (17, 7): 0, (18, 7): 0, (19, 7): 0, (20, 7): 0, (21, 7): 0, (5, 8): 0, (6, 8): 0, (7, 8): 0, (8, 8): 0, (9, 8): 0, (10, 8): 0, (11, 8): 0, (12, 8): 0, (13, 8): 0, (14, 8): 0, (15, 8): 0, (16, 8): 0, (17, 8): 0, (18, 8): 0, (19, 8): 0, (20, 8): 0, (21, 8): 0, (22, 8): 0, (4, 9): 0, (5, 9): 0, (6, 9): 0, (7, 9): 0, (8, 9): 0, (9, 9): 0, (10, 9): 0, (11, 9): 0, (12, 9): 0, (13, 9): 0, (14, 9): 0, (15, 9): 0, (16, 9): 0, (17, 9): 0, (18, 9): 0, (19, 9): 0, (20, 9): 0, (21, 9): 0, (22, 9): 0, (23, 9): 0, (3, 10): 0, (4, 10): 0, (5, 10): 0, (6, 10): 0, (7, 10): 0, (8, 10): 0, (9, 10): 0, (10, 10): 0, (11, 10): 0, (12, 10): 0, (13, 10): 0, (14, 10): 0, (15, 10): 0, (16, 10): 0, (17, 10): 0, (18, 10): 0, (19, 10): 0, (20, 10): 0, (21, 10): 0, (22, 10): 0, (23, 10): 0, (24, 10): 0, (2, 11): 0, (3, 11): 0, (4, 11): 0, (5, 11): 0, (6, 11): 0, (7, 11): 0, (8, 11): 0, (9, 11): 0, (10, 11): 0, (11, 11): 0, (12, 11): 0, (13, 11): 0, (14, 11): 0, (15, 11): 0, (16, 11): 0, (17, 11): 0, (18, 11): 0, (19, 11): 0, (20, 11): 0, (21, 11): 0, (22, 11): 0, (23, 11): 0, (24, 11): 0, (25, 11): 0, (1, 12): 0, (2, 12): 0, (3, 12): 0, (4, 12): 0, (5, 12): 0, (6, 12): 0, (7, 12): 0, (8, 12): 0, (9, 12): 0, (10, 12): 0, (11, 12): 0, (12, 12): 0, (13, 12): 0, (14, 12): 0, (15, 12): 0, (16, 12): 0, (17, 12): 0, (18, 12): 0, (19, 12): 0, (20, 12): 0, (21, 12): 0, (22, 12): 0, (23, 12): 0, (24, 12): 0, (25, 12): 0, (26, 12): 0, (0, 13): 0, (1, 13): 0, (2, 13): 0, (3, 13): 0, (4, 13): 0, (5, 13): 0, (6, 13): 0, (7, 13): 0, (8, 13): 0, (9, 13): 0, (10, 13): 0, (11, 13): 0, (12, 13): 0, (13, 13): 0, (14, 13): 0, (15, 13): 0, (16, 13): 0, (17, 13): 0, (18, 13): 0, (19, 13): 0, (20, 13): 0, (21, 13): 0, (22, 13): 0, (23, 13): 0, (24, 13): 0, (25, 13): 0, (26, 13): 0, (27, 13): 0}
Performing turn 0 of your custom algo strategy
Got scored on at: [2, 11]
All locations: [[2, 11]]
Got scored on at: [2, 11]
All locations: [[2, 11], [2, 11]]
Got scored on at: [2, 11]
All locations: [[2, 11], [2, 11], [2, 11]]
Got scored on at: [2, 11]
All locations: [[2, 11], [2, 11], [2, 11], [2, 11]]
Got scored on at: [2, 11]
All locations: [[2, 11], [2, 11], [2, 11], [2, 11], [2, 11]]
{(13, 0): 0.0, (14, 0): 0.0, (12, 1): 0.0, (13, 1): 0.0, (14, 1): 0.0, (15, 1): 0.0, (11, 2): 0.0, (12, 2): 0.0, (13, 2): 0.0, (14, 2): 0.0, (15, 2): 0.0, (16, 2): 0.0, (10, 3): 0.0, (11, 3): 0.0, (12, 3): 0.0, (13, 3): 0.0, (14, 3): 0.0, (15, 3): 0.0, (16, 3): 0.0, (17, 3): 0.0, (9, 4): 0.0, (10, 4): 0.0, (11, 4): 0.0, (12, 4): 0.0, (13, 4): 0.0, (14, 4): 0.0, (15, 4): 0.0, (16, 4): 0.0, (17, 4): 0.0, (18, 4): 0.0, (8, 5): 0.0, (9, 5): 0.0, (10, 5): 0.0, (11, 5): 0.0, (12, 5): 0.0, (13, 5): 0.0, (14, 5): 0.0, (15, 5): 0.0, (16, 5): 0.0, (17, 5): 0.0, (18, 5): 0.0, (19, 5): 0.0, (7, 6): 0.0, (8, 6): 0.0, (9, 6): 0.0, (10, 6): 0.0, (11, 6): 0.0, (12, 6): 0.0, (13, 6): 0.0, (14, 6): 0.0, (15, 6): 0.0, (16, 6): 0.0, (17, 6): 0.0, (18, 6): 0.0, (19, 6): 0.0, (20, 6): 0.0, (6, 7): 0.0, (7, 7): 0.0, (8, 7): 0.0, (9, 7): 0.0, (10, 7): 0.0, (11, 7): 0.0, (12, 7): 0.0, (13, 7): 0.0, (14, 7): 0.0, (15, 7): 0.0, (16, 7): 0.0, (17, 7): 0.0, (18, 7): 0.0, (19, 7): 0.0, (20, 7): 0.0, (21, 7): 0.0, (5, 8): 0.0, (6, 8): 0.0, (7, 8): 0.0, (8, 8): 0.0, (9, 8): 0.0, (10, 8): 0.0, (11, 8): 0.0, (12, 8): 0.0, (13, 8): 0.0, (14, 8): 0.0, (15, 8): 0.0, (16, 8): 0.0, (17, 8): 0.0, (18, 8): 0.0, (19, 8): 0.0, (20, 8): 0.0, (21, 8): 0.0, (22, 8): 0.0, (4, 9): 0.0, (5, 9): 0.0, (6, 9): 0.0, (7, 9): 0.0, (8, 9): 0.0, (9, 9): 0.0, (10, 9): 0.0, (11, 9): 0.0, (12, 9): 0.0, (13, 9): 0.0, (14, 9): 0.0, (15, 9): 0.0, (16, 9): 0.0, (17, 9): 0.0, (18, 9): 0.0, (19, 9): 0.0, (20, 9): 0.0, (21, 9): 0.0, (22, 9): 0.0, (23, 9): 0.0, (3, 10): 0.0, (4, 10): 0.0, (5, 10): 0.0, (6, 10): 0.0, (7, 10): 0.0, (8, 10): 0.0, (9, 10): 0.0, (10, 10): 0.0, (11, 10): 0.0, (12, 10): 0.0, (13, 10): 0.0, (14, 10): 0.0, (15, 10): 0.0, (16, 10): 0.0, (17, 10): 0.0, (18, 10): 0.0, (19, 10): 0.0, (20, 10): 0.0, (21, 10): 0.0, (22, 10): 0.0, (23, 10): 0.0, (24, 10): 0.0, (2, 11): 0.0, (3, 11): 0.0, (4, 11): 0.0, (5, 11): 0.0, (6, 11): 0.0, (7, 11): 0.0, (8, 11): 0.0, (9, 11): 0.0, (10, 11): 0.0, (11, 11): 0.0, (12, 11): 0.0, (13, 11): 0.0, (14, 11): 0.0, (15, 11): 0.0, (16, 11): 0.0, (17, 11): 0.0, (18, 11): 0.0, (19, 11): 0.0, (20, 11): 0.0, (21, 11): 0.0, (22, 11): 0.0, (23, 11): 0.0, (24, 11): 0.0, (25, 11): 0.0, (1, 12): 0.0, (2, 12): 0.0, (3, 12): 0.0, (4, 12): 0.0, (5, 12): 0.0, (6, 12): 0.0, (7, 12): 0.0, (8, 12): 0.0, (9, 12): 0.0, (10, 12): 0.0, (11, 12): 0.0, (12, 12): 0.0, (13, 12): 0.0, (14, 12): 0.0, (15, 12): 0.0, (16, 12): 0.0, (17, 12): 0.0, (18, 12): 0.0, (19, 12): 0.0, (20, 12): 0.0, (21, 12): 0.0, (22, 12): 0.0, (23, 12): 0.0, (24, 12): 0.0, (25, 12): 0.0, (26, 12): 0.0, (0, 13): 0.0, (1, 13): 0.0, (2, 13): 0.0, (3, 13): 0.0, (4, 13): 0.0, (5, 13): 0.0, (6, 13): 0.0, (7, 13): 0.0, (8, 13): 0.0, (9, 13): 0.0, (10, 13): 0.0, (11, 13): 0.0, (12, 13): 0.0, (13, 13): 0.0, (14, 13): 0.0, (15, 13): 0.0, (16, 13): 0.0, (17, 13): 0.0, (18, 13): 0.0, (19, 13): 0.0, (20, 13): 0.0, (21, 13): 0.0, (22, 13): 0.0, (23, 13): 0.0, (24, 13): 0.0, (25, 13): 0.0, (26, 13): 0.0, (27, 13): 0.0}
Performing turn 1 of your custom algo strategy
Got scored on at: [2, 11]
All locations: [[2, 11], [2, 11], [2, 11], [2, 11], [2, 11], [2, 11]]
Got scored on at: [2, 11]
All locations: [[2, 11], [2, 11], [2, 11], [2, 11], [2, 11], [2, 11], [2, 11]]
Got scored on at: [2, 11]
All locations: [[2, 11], [2, 11], [2, 11], [2, 11], [2, 11], [2, 11], [2, 11], [2, 11]]
Got scored on at: [2, 11]
All locations: [[2, 11], [2, 11], [2, 11], [2, 11], [2, 11], [2, 11], [2, 11], [2, 11], [2, 11]]
Got scored on at: [2, 11]
All locations: [[2, 11], [2, 11], [2, 11], [2, 11], [2, 11], [2, 11], [2, 11], [2, 11], [2, 11], [2, 11]]
{(13, 0): -5.524417712969349e+39, (14, 0): -8.543984938358707e+39, (12, 1): -5.524417712969349e+39, (13, 1): -8.543984938358707e+39, (14, 1): -1.3214004157492185e+40, (15, 1): -2.0436588680101674e+40, (11, 2): -5.524417712969349e+39, (12, 2): -8.543984938358707e+39, (13, 2): -1.3214004157492185e+40, (14, 2): -2.0436588680101674e+40, (15, 2): -3.160693396958369e+40, (16, 2): -4.8882829252727e+40, (10, 3): -5.524417712969349e+39, (11, 3): -8.543984938358707e+39, (12, 3): -1.3214004157492185e+40, (13, 3): -2.0436588680101674e+40, (14, 3): -3.160693396958369e+40, (15, 3): -4.8882829252727e+40, (16, 3): -7.560148029703799e+40, (17, 3): -1.1692416152006119e+41, (9, 4): -5.524417712969349e+39, (10, 4): -8.543984938358707e+39, (11, 4): -1.3214004157492185e+40, (12, 4): -2.0436588680101674e+40, (13, 4): -3.160693396958369e+40, (14, 4): -4.8882829252727e+40, (15, 4): -7.560148029703799e+40, (16, 4): -1.1692416152006119e+41, (17, 4): -1.8083322566509305e+41, (18, 4): -2.7967406461864493e+41, (8, 5): -5.524417712969349e+39, (9, 5): -8.543984938358707e+39, (10, 5): -1.3214004157492185e+40, (11, 5): -2.0436588680101674e+40, (12, 5): -3.160693396958369e+40, (13, 5): -4.8882829252727e+40, (14, 5): -7.560148029703799e+40, (15, 5): -1.1692416152006119e+41, (16, 5): -1.8083322566509305e+41, (17, 5): -2.7967406461864493e+41, (18, 5): -4.325398838218735e+41, (19, 5): -6.689599600583311e+41, (7, 6): -5.524417712969349e+39, (8, 6): -8.543984938358707e+39, (9, 6): -1.3214004157492185e+40, (10, 6): -2.0436588680101674e+40, (11, 6): -3.160693396958369e+40, (12, 6): -4.8882829252727e+40, (13, 6): -7.560148029703799e+40, (14, 6): -1.1692416152006119e+41, (15, 6): -1.8083322566509305e+41, (16, 6): -2.7967406461864493e+41, (17, 6): -4.325398838218735e+41, (18, 6): -6.689599600583311e+41, (19, 6): -1.0346038478743715e+42, (20, 6): -1.6001034231452654e+42, (6, 7): -5.524417712969349e+39, (7, 7): -8.543984938358707e+39, (8, 7): -1.3214004157492185e+40, (9, 7): -2.0436588680101674e+40, (10, 7): -3.160693396958369e+40, (11, 7): -4.8882829252727e+40, (12, 7): -7.560148029703799e+40, (13, 7): -1.1692416152006119e+41, (14, 7): -1.8083322566509305e+41, (15, 7): -2.7967406461864493e+41, (16, 7): -4.325398838218735e+41, (17, 7): -6.689599600583311e+41, (18, 7): -1.0346038478743715e+42, (19, 7): -1.6001034231452654e+42, (20, 7): -2.4746969287051105e+42, (21, 7): -3.827330658979865e+42, (5, 8): -5.524417712969349e+39, (6, 8): -8.543984938358707e+39, (7, 8): -1.3214004157492185e+40, (8, 8): -2.0436588680101674e+40, (9, 8): -3.160693396958369e+40, (10, 8): -4.8882829252727e+40, (11, 8): -7.560148029703799e+40, (12, 8): -1.1692416152006119e+41, (13, 8): -1.8083322566509305e+41, (14, 8): -2.7967406461864493e+41, (15, 8): -4.325398838218735e+41, (16, 8): -6.689599600583311e+41, (17, 8): -1.0346038478743715e+42, (18, 8): -1.6001034231452654e+42, (19, 8): -2.4746969287051105e+42, (20, 8): -3.827330658979865e+42, (21, 8): -5.919294521786989e+42, (22, 8): -9.154695728588155e+42, (4, 9): -5.524417712969349e+39, (5, 9): -8.543984938358707e+39, (6, 9): -1.3214004157492185e+40, (7, 9): -2.0436588680101674e+40, (8, 9): -3.160693396958369e+40, (9, 9): -4.8882829252727e+40, (10, 9): -7.560148029703799e+40, (11, 9): -1.1692416152006119e+41, (12, 9): -1.8083322566509305e+41, (13, 9): -2.7967406461864493e+41, (14, 9): -4.325398838218735e+41, (15, 9): -6.689599600583311e+41, (16, 9): -1.0346038478743715e+42, (17, 9): -1.6001034231452654e+42, (18, 9): -2.4746969287051105e+42, (19, 9): -3.827330658979865e+42, (20, 9): -5.919294521786989e+42, (21, 9): -9.154695728588155e+42, (22, 9): -1.415852067751633e+43, (23, 9): -2.1897364338352853e+43, (3, 10): -5.524417712969349e+39, (4, 10): -8.543984938358707e+39, (5, 10): -1.3214004157492185e+40, (6, 10): -2.0436588680101674e+40, (7, 10): -3.160693396958369e+40, (8, 10): -4.8882829252727e+40, (9, 10): -7.560148029703799e+40, (10, 10): -1.1692416152006119e+41, (11, 10): -1.8083322566509305e+41, (12, 10): -2.7967406461864493e+41, (13, 10): -4.325398838218735e+41, (14, 10): -6.689599600583311e+41, (15, 10): -1.0346038478743715e+42, (16, 10): -1.6001034231452654e+42, (17, 10): -2.4746969287051105e+42, (18, 10): -3.827330658979865e+42, (19, 10): -5.919294521786989e+42, (20, 10): -9.154695728588155e+42, (21, 10): -1.415852067751633e+43, (22, 10): -2.1897364338352853e+43, (23, 10): -3.38661485820339e+43, (24, 10): -5.237689806218336e+43, (2, 11): -5.524417712969349e+39, (3, 11): -8.543984938358707e+39, (4, 11): -1.3214004157492185e+40, (5, 11): -2.0436588680101674e+40, (6, 11): -3.160693396958369e+40, (7, 11): -4.8882829252727e+40, (8, 11): -7.560148029703799e+40, (9, 11): -1.1692416152006119e+41, (10, 11): -1.8083322566509305e+41, (11, 11): -2.7967406461864493e+41, (12, 11): -4.325398838218735e+41, (13, 11): -6.689599600583311e+41, (14, 11): -1.0346038478743715e+42, (15, 11): -1.6001034231452654e+42, (16, 11): -2.4746969287051105e+42, (17, 11): -3.827330658979865e+42, (18, 11): -5.919294521786989e+42, (19, 11): -9.154695728588155e+42, (20, 11): -1.415852067751633e+43, (21, 11): -2.1897364338352853e+43, (22, 11): -3.38661485820339e+43, (23, 11): -5.237689806218336e+43, (24, 11): -8.100535683799893e+43, (25, 11): -1.252817192163824e+44, (1, 12): -5.524417712969349e+39, (2, 12): -8.543984938358707e+39, (3, 12): -1.3214004157492185e+40, (4, 12): -2.0436588680101674e+40, (5, 12): -3.160693396958369e+40, (6, 12): -4.8882829252727e+40, (7, 12): -7.560148029703799e+40, (8, 12): -1.1692416152006119e+41, (9, 12): -1.8083322566509305e+41, (10, 12): -2.7967406461864493e+41, (11, 12): -4.325398838218735e+41, (12, 12): -6.689599600583311e+41, (13, 12): -1.0346038478743715e+42, (14, 12): -1.6001034231452654e+42, (15, 12): -2.4746969287051105e+42, (16, 12): -3.827330658979865e+42, (17, 12): -5.919294521786989e+42, (18, 12): -9.154695728588155e+42, (19, 12): -1.415852067751633e+43, (20, 12): -2.1897364338352853e+43, (21, 12): -3.38661485820339e+43, (22, 12): -5.237689806218336e+43, (23, 12): -8.100535683799893e+43, (24, 12): -1.252817192163824e+44, (25, 12): -1.937589041327431e+44, (26, 12): -2.9966473293585118e+44, (0, 13): -5.524417712969349e+39, (1, 13): -8.543984938358707e+39, (2, 13): -1.3214004157492185e+40, (3, 13): -2.0436588680101674e+40, (4, 13): -3.160693396958369e+40, (5, 13): -4.8882829252727e+40, (6, 13): -7.560148029703799e+40, (7, 13): -1.1692416152006119e+41, (8, 13): -1.8083322566509305e+41, (9, 13): -2.7967406461864493e+41, (10, 13): -4.325398838218735e+41, (11, 13): -6.689599600583311e+41, (12, 13): -1.0346038478743715e+42, (13, 13): -1.6001034231452654e+42, (14, 13): -2.4746969287051105e+42, (15, 13): -3.827330658979865e+42, (16, 13): -5.919294521786989e+42, (17, 13): -9.154695728588155e+42, (18, 13): -1.415852067751633e+43, (19, 13): -2.1897364338352853e+43, (20, 13): -3.38661485820339e+43, (21, 13): -5.237689806218336e+43, (22, 13): -8.100535683799893e+43, (23, 13): -1.252817192163824e+44, (24, 13): -1.937589041327431e+44, (25, 13): -2.9966473293585118e+44, (26, 13): -4.634571637750092e+44, (27, 13): -7.167761803333596e+44}
Performing turn 2 of your custom algo strategy
Got scored on at: [2, 11]
All locations: [[2, 11], [2, 11], [2, 11], [2, 11], [2, 11], [2, 11], [2, 11], [2, 11], [2, 11], [2, 11], [2, 11]]
Got scored on at: [2, 11]
All locations: [[2, 11], [2, 11], [2, 11], [2, 11], [2, 11], [2, 11], [2, 11], [2, 11], [2, 11], [2, 11], [2, 11], [2, 11]]
Got scored on at: [2, 11]
All locations: [[2, 11], [2, 11], [2, 11], [2, 11], [2, 11], [2, 11], [2, 11], [2, 11], [2, 11], [2, 11], [2, 11], [2, 11], [2, 11]]
Got scored on at: [2, 11]
All locations: [[2, 11], [2, 11], [2, 11], [2, 11], [2, 11], [2, 11], [2, 11], [2, 11], [2, 11], [2, 11], [2, 11], [2, 11], [2, 11], [2, 11]]
Got scored on at: [2, 11]
All locations: [[2, 11], [2, 11], [2, 11], [2, 11], [2, 11], [2, 11], [2, 11], [2, 11], [2, 11], [2, 11], [2, 11], [2, 11], [2, 11], [2, 11], [2, 11]]
{(13, 0): -4.140754787770799e+77, (14, 0): -6.404031769193393e+77, (12, 1): -4.140754787770799e+77, (13, 1): -6.404031769193393e+77, (14, 1): -9.904383380044853e+77, (15, 1): -1.531797681123376e+78, (11, 2): -4.140754787770799e+77, (12, 2): -6.404031769193393e+77, (13, 2): -9.904383380044853e+77, (14, 2): -1.531797681123376e+78, (15, 2): -2.3690562510155237e+78, (16, 2): -3.6639483070373473e+78, (10, 3): -4.140754787770799e+77, (11, 3): -6.404031769193393e+77, (12, 3): -9.904383380044853e+77, (13, 3): -1.531797681123376e+78, (14, 3): -2.3690562510155237e+78, (15, 3): -3.6639483070373473e+78, (16, 3): -5.6666097273491365e+78, (17, 3): -8.76389706165157e+78, (9, 4): -4.140754787770799e+77, (10, 4): -6.404031769193393e+77, (11, 4): -9.904383380044853e+77, (12, 4): -1.531797681123376e+78, (13, 4): -2.3690562510155237e+78, (14, 4): -3.6639483070373473e+78, (15, 4): -5.6666097273491365e+78, (16, 4): -8.76389706165157e+78, (17, 4): -1.355411708283555e+79, (18, 4): -2.0962602436203564e+79, (8, 5): -4.140754787770799e+77, (9, 5): -6.404031769193393e+77, (10, 5): -9.904383380044853e+77, (11, 5): -1.531797681123376e+78, (12, 5): -2.3690562510155237e+78, (13, 5): -3.6639483070373473e+78, (14, 5): -5.6666097273491365e+78, (15, 5): -8.76389706165157e+78, (16, 5): -1.355411708283555e+79, (17, 5): -2.0962602436203564e+79, (18, 5): -3.2420459275418756e+79, (19, 5): -5.0141015784080446e+79, (7, 6): -4.140754787770799e+77, (8, 6): -6.404031769193393e+77, (9, 6): -9.904383380044853e+77, (10, 6): -1.531797681123376e+78, (11, 6): -2.3690562510155237e+78, (12, 6): -3.6639483070373473e+78, (13, 6): -5.6666097273491365e+78, (14, 6): -8.76389706165157e+78, (15, 6): -1.355411708283555e+79, (16, 6): -2.0962602436203564e+79, (17, 6): -3.2420459275418756e+79, (18, 6): -5.0141015784080446e+79, (19, 6): -7.754737348109116e+79, (20, 6): -1.199336519170625e+80, (6, 7): -4.140754787770799e+77, (7, 7): -6.404031769193393e+77, (8, 7): -9.904383380044853e+77, (9, 7): -1.531797681123376e+78, (10, 7): -2.3690562510155237e+78, (11, 7): -3.6639483070373473e+78, (12, 7): -5.6666097273491365e+78, (13, 7): -8.76389706165157e+78, (14, 7): -1.355411708283555e+79, (15, 7): -2.0962602436203564e+79, (16, 7): -3.2420459275418756e+79, (17, 7): -5.0141015784080446e+79, (18, 7): -7.754737348109116e+79, (19, 7): -1.199336519170625e+80, (20, 7): -1.8548766020644742e+80, (21, 7): -2.868725461028652e+80, (5, 8): -4.140754787770799e+77, (6, 8): -6.404031769193393e+77, (7, 8): -9.904383380044853e+77, (8, 8): -1.531797681123376e+78, (9, 8): -2.3690562510155237e+78, (10, 8): -3.6639483070373473e+78, (11, 8): -5.6666097273491365e+78, (12, 8): -8.76389706165157e+78, (13, 8): -1.355411708283555e+79, (14, 8): -2.0962602436203564e+79, (15, 8): -3.2420459275418756e+79, (16, 8): -5.0141015784080446e+79, (17, 8): -7.754737348109116e+79, (18, 8): -1.199336519170625e+80, (19, 8): -1.8548766020644742e+80, (20, 8): -2.868725461028652e+80, (21, 8): -4.436729516990261e+80, (22, 8): -6.861782026319888e+80, (4, 9): -4.140754787770799e+77, (5, 9): -6.404031769193393e+77, (6, 9): -9.904383380044853e+77, (7, 9): -1.531797681123376e+78, (8, 9): -2.3690562510155237e+78, (9, 9): -3.6639483070373473e+78, (10, 9): -5.6666097273491365e+78, (11, 9): -8.76389706165157e+78, (12, 9): -1.355411708283555e+79, (13, 9): -2.0962602436203564e+79, (14, 9): -3.2420459275418756e+79, (15, 9): -5.0141015784080446e+79, (16, 9): -7.754737348109116e+79, (17, 9): -1.199336519170625e+80, (18, 9): -1.8548766020644742e+80, (19, 9): -2.868725461028652e+80, (20, 9): -4.436729516990261e+80, (21, 9): -6.861782026319888e+80, (22, 9): -1.061233334067816e+81, (23, 9): -1.6412882032930233e+81, (3, 10): -4.140754787770799e+77, (4, 10): -6.404031769193393e+77, (5, 10): -9.904383380044853e+77, (6, 10): -1.531797681123376e+78, (7, 10): -2.3690562510155237e+78, (8, 10): -3.6639483070373473e+78, (9, 10): -5.6666097273491365e+78, (10, 10): -8.76389706165157e+78, (11, 10): -1.355411708283555e+79, (12, 10): -2.0962602436203564e+79, (13, 10): -3.2420459275418756e+79, (14, 10): -5.0141015784080446e+79, (15, 10): -7.754737348109116e+79, (16, 10): -1.199336519170625e+80, (17, 10): -1.8548766020644742e+80, (18, 10): -2.868725461028652e+80, (19, 10): -4.436729516990261e+80, (20, 10): -6.861782026319888e+80, (21, 10): -1.061233334067816e+81, (22, 10): -1.6412882032930233e+81, (23, 10): -2.538392717031537e+81, (24, 10): -3.925841648621407e+81, (2, 11): -4.140754787770799e+77, (3, 11): -6.404031769193393e+77, (4, 11): -9.904383380044853e+77, (5, 11): -1.531797681123376e+78, (6, 11): -2.3690562510155237e+78, (7, 11): -3.6639483070373473e+78, (8, 11): -5.6666097273491365e+78, (9, 11): -8.76389706165157e+78, (10, 11): -1.355411708283555e+79, (11, 11): -2.0962602436203564e+79, (12, 11): -3.2420459275418756e+79, (13, 11): -5.0141015784080446e+79, (14, 11): -7.754737348109116e+79, (15, 11): -1.199336519170625e+80, (16, 11): -1.8548766020644742e+80, (17, 11): -2.868725461028652e+80, (18, 11): -4.436729516990261e+80, (19, 11): -6.861782026319888e+80, (20, 11): -1.061233334067816e+81, (21, 11): -1.6412882032930233e+81, (22, 11): -2.538392717031537e+81, (23, 11): -3.925841648621407e+81, (24, 11): -6.0716502007908036e+81, (25, 11): -9.390326829333131e+81, (1, 12): -4.140754787770799e+77, (2, 12): -6.404031769193393e+77, (3, 12): -9.904383380044853e+77, (4, 12): -1.531797681123376e+78, (5, 12): -2.3690562510155237e+78, (6, 12): -3.6639483070373473e+78, (7, 12): -5.6666097273491365e+78, (8, 12): -8.76389706165157e+78, (9, 12): -1.355411708283555e+79, (10, 12): -2.0962602436203564e+79, (11, 12): -3.2420459275418756e+79, (12, 12): -5.0141015784080446e+79, (13, 12): -7.754737348109116e+79, (14, 12): -1.199336519170625e+80, (15, 12): -1.8548766020644742e+80, (16, 12): -2.868725461028652e+80, (17, 12): -4.436729516990261e+80, (18, 12): -6.861782026319888e+80, (19, 12): -1.061233334067816e+81, (20, 12): -1.6412882032930233e+81, (21, 12): -2.538392717031537e+81, (22, 12): -3.925841648621407e+81, (23, 12): -6.0716502007908036e+81, (24, 12): -9.390326829333131e+81, (25, 12): -1.4522944347190623e+82, (26, 12): -2.246097674180469e+82, (0, 13): -4.140754787770799e+77, (1, 13): -6.404031769193393e+77, (2, 13): -9.904383380044853e+77, (3, 13): -1.531797681123376e+78, (4, 13): -2.3690562510155237e+78, (5, 13): -3.6639483070373473e+78, (6, 13): -5.6666097273491365e+78, (7, 13): -8.76389706165157e+78, (8, 13): -1.355411708283555e+79, (9, 13): -2.0962602436203564e+79, (10, 13): -3.2420459275418756e+79, (11, 13): -5.0141015784080446e+79, (12, 13): -7.754737348109116e+79, (13, 13): -1.199336519170625e+80, (14, 13): -1.8548766020644742e+80, (15, 13): -2.868725461028652e+80, (16, 13): -4.436729516990261e+80, (17, 13): -6.861782026319888e+80, (18, 13): -1.061233334067816e+81, (19, 13): -1.6412882032930233e+81, (20, 13): -2.538392717031537e+81, (21, 13): -3.925841648621407e+81, (22, 13): -6.0716502007908036e+81, (23, 13): -9.390326829333131e+81, (24, 13): -1.4522944347190623e+82, (25, 13): -2.246097674180469e+82, (26, 13): -3.4737823414814846e+82, (27, 13): -5.372501781513805e+82}
Performing turn 3 of your custom algo strategy
Got scored on at: [2, 11]
All locations: [[2, 11], [2, 11], [2, 11], [2, 11], [2, 11], [2, 11], [2, 11], [2, 11], [2, 11], [2, 11], [2, 11], [2, 11], [2, 11], [2, 11], [2, 11], [2, 11]]
Got scored on at: [2, 11]
All locations: [[2, 11], [2, 11], [2, 11], [2, 11], [2, 11], [2, 11], [2, 11], [2, 11], [2, 11], [2, 11], [2, 11], [2, 11], [2, 11], [2, 11], [2, 11], [2, 11], [2, 11]]
Got scored on at: [2, 11]
All locations: [[2, 11], [2, 11], [2, 11], [2, 11], [2, 11], [2, 11], [2, 11], [2, 11], [2, 11], [2, 11], [2, 11], [2, 11], [2, 11], [2, 11], [2, 11], [2, 11], [2, 11], [2, 11]]
Got scored on at: [2, 11]
All locations: [[2, 11], [2, 11], [2, 11], [2, 11], [2, 11], [2, 11], [2, 11], [2, 11], [2, 11], [2, 11], [2, 11], [2, 11], [2, 11], [2, 11], [2, 11], [2, 11], [2, 11], [2, 11], [2, 11]]
Got scored on at: [2, 11]
All locations: [[2, 11], [2, 11], [2, 11], [2, 11], [2, 11], [2, 11], [2, 11], [2, 11], [2, 11], [2, 11], [2, 11], [2, 11], [2, 11], [2, 11], [2, 11], [2, 11], [2, 11], [2, 11], [2, 11], [2, 11]]
{(13, 0): -3.103648403015307e+115, (14, 0): -4.8000579585193584e+115, (12, 1): -3.103648403015307e+115, (13, 1): -4.8000579585193584e+115, (14, 1): -7.4237005656827294e+115, (15, 1): -1.1481388467633816e+116, (11, 2): -3.103648403015307e+115, (12, 2): -4.8000579585193584e+115, (13, 2): -7.4237005656827294e+115, (14, 2): -1.1481388467633816e+116, (15, 2): -1.7756950186553165e+116, (16, 2): -2.7462643635531663e+116, (10, 3): -3.103648403015307e+115, (11, 3): -4.8000579585193584e+115, (12, 3): -7.4237005656827294e+115, (13, 3): -1.1481388467633816e+116, (14, 3): -1.7756950186553165e+116, (15, 3): -2.7462643635531663e+116, (16, 3): -4.247332945853166e+116, (17, 3): -6.568864014821016e+116, (9, 4): -3.103648403015307e+115, (10, 4): -4.8000579585193584e+115, (11, 4): -7.4237005656827294e+115, (12, 4): -1.1481388467633816e+116, (13, 4): -1.7756950186553165e+116, (14, 4): -2.7462643635531663e+116, (15, 4): -4.247332945853166e+116, (16, 4): -6.568864014821016e+116, (17, 4): -1.0159310559192081e+117, (18, 4): -1.571224351809389e+117, (8, 5): -3.103648403015307e+115, (9, 5): -4.8000579585193584e+115, (10, 5): -7.4237005656827294e+115, (11, 5): -1.1481388467633816e+116, (12, 5): -1.7756950186553165e+116, (13, 5): -2.7462643635531663e+116, (14, 5): -4.247332945853166e+116, (15, 5): -6.568864014821016e+116, (16, 5): -1.0159310559192081e+117, (17, 5): -1.571224351809389e+117, (18, 5): -2.4300329725476585e+117, (19, 5): -3.758254027102282e+117, (7, 6): -3.103648403015307e+115, (8, 6): -4.8000579585193584e+115, (9, 6): -7.4237005656827294e+115, (10, 6): -1.1481388467633816e+116, (11, 6): -1.7756950186553165e+116, (12, 6): -2.7462643635531663e+116, (13, 6): -4.247332945853166e+116, (14, 6): -6.568864014821016e+116, (15, 6): -1.0159310559192081e+117, (16, 6): -1.571224351809389e+117, (17, 6): -2.4300329725476585e+117, (18, 6): -3.758254027102282e+117, (19, 6): -5.812461596939712e+117, (20, 6): -8.989469464348022e+117, (6, 7): -3.103648403015307e+115, (7, 7): -4.8000579585193584e+115, (8, 7): -7.4237005656827294e+115, (9, 7): -1.1481388467633816e+116, (10, 7): -1.7756950186553165e+116, (11, 7): -2.7462643635531663e+116, (12, 7): -4.247332945853166e+116, (13, 7): -6.568864014821016e+116, (14, 7): -1.0159310559192081e+117, (15, 7): -1.571224351809389e+117, (16, 7): -2.4300329725476585e+117, (17, 7): -3.758254027102282e+117, (18, 7): -5.812461596939712e+117, (19, 7): -8.989469464348022e+117, (20, 7): -1.3902984114852933e+118, (21, 7): -2.1502155167715663e+118, (5, 8): -3.103648403015307e+115, (6, 8): -4.8000579585193584e+115, (7, 8): -7.4237005656827294e+115, (8, 8): -1.1481388467633816e+116, (9, 8): -1.7756950186553165e+116, (10, 8): -2.7462643635531663e+116, (11, 8): -4.247332945853166e+116, (12, 8): -6.568864014821016e+116, (13, 8): -1.0159310559192081e+117, (14, 8): -1.571224351809389e+117, (15, 8): -2.4300329725476585e+117, (16, 8): -3.758254027102282e+117, (17, 8): -5.812461596939712e+117, (18, 8): -8.989469464348022e+117, (19, 8): -1.3902984114852933e+118, (20, 8): -2.1502155167715663e+118, (21, 8): -3.325492376579703e+118, (22, 8): -5.143158655693299e+118, (4, 9): -3.103648403015307e+115, (5, 9): -4.8000579585193584e+115, (6, 9): -7.4237005656827294e+115, (7, 9): -1.1481388467633816e+116, (8, 9): -1.7756950186553165e+116, (9, 9): -2.7462643635531663e+116, (10, 9): -4.247332945853166e+116, (11, 9): -6.568864014821016e+116, (12, 9): -1.0159310559192081e+117, (13, 9): -1.571224351809389e+117, (14, 9): -2.4300329725476585e+117, (15, 9): -3.758254027102282e+117, (16, 9): -5.812461596939712e+117, (17, 9): -8.989469464348022e+117, (18, 9): -1.3902984114852933e+118, (19, 9): -2.1502155167715663e+118, (20, 9): -3.325492376579703e+118, (21, 9): -5.143158655693299e+118, (22, 9): -7.9543351667036725e+118, (23, 9): -1.2302060305726604e+119, (3, 10): -3.103648403015307e+115, (4, 10): -4.8000579585193584e+115, (5, 10): -7.4237005656827294e+115, (6, 10): -1.1481388467633816e+116, (7, 10): -1.7756950186553165e+116, (8, 10): -2.7462643635531663e+116, (9, 10): -4.247332945853166e+116, (10, 10): -6.568864014821016e+116, (11, 10): -1.0159310559192081e+117, (12, 10): -1.571224351809389e+117, (13, 10): -2.4300329725476585e+117, (14, 10): -3.758254027102282e+117, (15, 10): -5.812461596939712e+117, (16, 10): -8.989469464348022e+117, (17, 10): -1.3902984114852933e+118, (18, 10): -2.1502155167715663e+118, (19, 10): -3.325492376579703e+118, (20, 10): -5.143158655693299e+118, (21, 10): -7.9543351667036725e+118, (22, 10): -1.2302060305726604e+119, (23, 10): -1.9026189441857615e+119, (24, 10): -2.9425630803398457e+119, (2, 11): -3.103648403015307e+115, (3, 11): -4.8000579585193584e+115, (4, 11): -7.4237005656827294e+115, (5, 11): -1.1481388467633816e+116, (6, 11): -1.7756950186553165e+116, (7, 11): -2.7462643635531663e+116, (8, 11): -4.247332945853166e+116, (9, 11): -6.568864014821016e+116, (10, 11): -1.0159310559192081e+117, (11, 11): -1.571224351809389e+117, (12, 11): -2.4300329725476585e+117, (13, 11): -3.758254027102282e+117, (14, 11): -5.812461596939712e+117, (15, 11): -8.989469464348022e+117, (16, 11): -1.3902984114852933e+118, (17, 11): -2.1502155167715663e+118, (18, 11): -3.325492376579703e+118, (19, 11): -5.143158655693299e+118, (20, 11): -7.9543351667036725e+118, (21, 11): -1.2302060305726604e+119, (22, 11): -1.9026189441857615e+119, (23, 11): -2.9425630803398457e+119, (24, 11): -4.550925716491622e+119, (25, 11): -7.038396225182306e+119, (1, 12): -3.103648403015307e+115, (2, 12): -4.8000579585193584e+115, (3, 12): -7.4237005656827294e+115, (4, 12): -1.1481388467633816e+116, (5, 12): -1.7756950186553165e+116, (6, 12): -2.7462643635531663e+116, (7, 12): -4.247332945853166e+116, (8, 12): -6.568864014821016e+116, (9, 12): -1.0159310559192081e+117, (10, 12): -1.571224351809389e+117, (11, 12): -2.4300329725476585e+117, (12, 12): -3.758254027102282e+117, (13, 12): -5.812461596939712e+117, (14, 12): -8.989469464348022e+117, (15, 12): -1.3902984114852933e+118, (16, 12): -2.1502155167715663e+118, (17, 12): -3.325492376579703e+118, (18, 12): -5.143158655693299e+118, (19, 12): -7.9543351667036725e+118, (20, 12): -1.2302060305726604e+119, (21, 12): -1.9026189441857615e+119, (22, 12): -2.9425630803398457e+119, (23, 12): -4.550925716491622e+119, (24, 12): -7.038396225182306e+119, (25, 12): -1.0885482319155699e+120, (26, 12): -1.6835330312422435e+120, (0, 13): -3.103648403015307e+115, (1, 13): -4.8000579585193584e+115, (2, 13): -7.4237005656827294e+115, (3, 13): -1.1481388467633816e+116, (4, 13): -1.7756950186553165e+116, (5, 13): -2.7462643635531663e+116, (6, 13): -4.247332945853166e+116, (7, 13): -6.568864014821016e+116, (8, 13): -1.0159310559192081e+117, (9, 13): -1.571224351809389e+117, (10, 13): -2.4300329725476585e+117, (11, 13): -3.758254027102282e+117, (12, 13): -5.812461596939712e+117, (13, 13): -8.989469464348022e+117, (14, 13): -1.3902984114852933e+118, (15, 13): -2.1502155167715663e+118, (16, 13): -3.325492376579703e+118, (17, 13): -5.143158655693299e+118, (18, 13): -7.9543351667036725e+118, (19, 13): -1.2302060305726604e+119, (20, 13): -1.9026189441857615e+119, (21, 13): -2.9425630803398457e+119, (22, 13): -4.550925716491622e+119, (23, 13): -7.038396225182306e+119, (24, 13): -1.0885482319155699e+120, (25, 13): -1.6835330312422435e+120, (26, 13): -2.603727960033589e+120, (27, 13): -4.026888195272474e+120}
Performing turn 4 of your custom algo strategy
Got scored on at: [2, 11]
All locations: [[2, 11], [2, 11], [2, 11], [2, 11], [2, 11], [2, 11], [2, 11], [2, 11], [2, 11], [2, 11], [2, 11], [2, 11], [2, 11], [2, 11], [2, 11], [2, 11], [2, 11], [2, 11], [2, 11], [2, 11], [2, 11]]
Got scored on at: [2, 11]
All locations: [[2, 11], [2, 11], [2, 11], [2, 11], [2, 11], [2, 11], [2, 11], [2, 11], [2, 11], [2, 11], [2, 11], [2, 11], [2, 11], [2, 11], [2, 11], [2, 11], [2, 11], [2, 11], [2, 11], [2, 11], [2, 11], [2, 11]]
Got scored on at: [2, 11]
All locations: [[2, 11], [2, 11], [2, 11], [2, 11], [2, 11], [2, 11], [2, 11], [2, 11], [2, 11], [2, 11], [2, 11], [2, 11], [2, 11], [2, 11], [2, 11], [2, 11], [2, 11], [2, 11], [2, 11], [2, 11], [2, 11], [2, 11], [2, 11]]
Got scored on at: [2, 11]
All locations: [[2, 11], [2, 11], [2, 11], [2, 11], [2, 11], [2, 11], [2, 11], [2, 11], [2, 11], [2, 11], [2, 11], [2, 11], [2, 11], [2, 11], [2, 11], [2, 11], [2, 11], [2, 11], [2, 11], [2, 11], [2, 11], [2, 11], [2, 11], [2, 11]]
Got scored on at: [2, 11]
All locations: [[2, 11], [2, 11], [2, 11], [2, 11], [2, 11], [2, 11], [2, 11], [2, 11], [2, 11], [2, 11], [2, 11], [2, 11], [2, 11], [2, 11], [2, 11], [2, 11], [2, 11], [2, 11], [2, 11], [2, 11], [2, 11], [2, 11], [2, 11], [2, 11], [2, 11]]
{(13, 0): -2.3262989245314035e+153, (14, 0): -3.597820441176087e+153, (12, 1): -2.3262989245314035e+153, (13, 1): -3.597820441176087e+153, (14, 1): -5.564337321589882e+153, (15, 1): -8.60572403060698e+153, (11, 2): -2.3262989245314035e+153, (12, 2): -3.597820441176087e+153, (13, 2): -5.564337321589882e+153, (14, 2): -8.60572403060698e+153, (15, 2): -1.3309488949136165e+154, (16, 2): -2.058426408482953e+154, (10, 3): -2.3262989245314035e+153, (11, 3): -3.597820441176087e+153, (12, 3): -5.564337321589882e+153, (13, 3): -8.60572403060698e+153, (14, 3): -1.3309488949136165e+154, (15, 3): -2.058426408482953e+154, (16, 3): -3.183532662548274e+154, (17, 3): -4.923605804776399e+154, (9, 4): -2.3262989245314035e+153, (10, 4): -3.597820441176087e+153, (11, 4): -5.564337321589882e+153, (12, 4): -8.60572403060698e+153, (13, 4): -1.3309488949136165e+154, (14, 4): -2.058426408482953e+154, (15, 4): -3.183532662548274e+154, (16, 4): -4.923605804776399e+154, (17, 4): -7.614777886847033e+154, (18, 4): -1.177690590293873e+155, (8, 5): -2.3262989245314035e+153, (9, 5): -3.597820441176087e+153, (10, 5): -5.564337321589882e+153, (11, 5): -8.60572403060698e+153, (12, 5): -1.3309488949136165e+154, (13, 5): -2.058426408482953e+154, (14, 5): -3.183532662548274e+154, (15, 5): -4.923605804776399e+154, (16, 5): -7.614777886847033e+154, (17, 5): -1.177690590293873e+155, (18, 5): -1.821399319949189e+155, (19, 5): -2.8169499782481433e+155, (7, 6): -2.3262989245314035e+153, (8, 6): -3.597820441176087e+153, (9, 6): -5.564337321589882e+153, (10, 6): -8.60572403060698e+153, (11, 6): -1.3309488949136165e+154, (12, 6): -2.058426408482953e+154, (13, 6): -3.183532662548274e+154, (14, 6): -4.923605804776399e+154, (15, 6): -7.614777886847033e+154, (16, 6): -1.177690590293873e+155, (17, 6): -1.821399319949189e+155, (18, 6): -2.8169499782481433e+155, (19, 6): -4.356654300372517e+155, (20, 6): -6.737938848583409e+155, (6, 7): -2.3262989245314035e+153, (7, 7): -3.597820441176087e+153, (8, 7): -5.564337321589882e+153, (9, 7): -8.60572403060698e+153, (10, 7): -1.3309488949136165e+154, (11, 7): -2.058426408482953e+154, (12, 7): -3.183532662548274e+154, (13, 7): -4.923605804776399e+154, (14, 7): -7.614777886847033e+154, (15, 7): -1.177690590293873e+155, (16, 7): -1.821399319949189e+155, (17, 7): -2.8169499782481433e+155, (18, 7): -4.356654300372517e+155, (19, 7): -6.737938848583409e+155, (20, 7): -1.0420799264097585e+156, (21, 7): -1.6116658186271237e+156, (5, 8): -2.3262989245314035e+153, (6, 8): -3.597820441176087e+153, (7, 8): -5.564337321589882e+153, (8, 8): -8.60572403060698e+153, (9, 8): -1.3309488949136165e+154, (10, 8): -2.058426408482953e+154, (11, 8): -3.183532662548274e+154, (12, 8): -4.923605804776399e+154, (13, 8): -7.614777886847033e+154, (14, 8): -1.177690590293873e+155, (15, 8): -1.821399319949189e+155, (16, 8): -2.8169499782481433e+155, (17, 8): -4.356654300372517e+155, (18, 8): -6.737938848583409e+155, (19, 8): -1.0420799264097585e+156, (20, 8): -1.6116658186271237e+156, (21, 8): -2.49257916317417e+156, (22, 8): -3.8549870654838766e+156, (4, 9): -2.3262989245314035e+153, (5, 9): -3.597820441176087e+153, (6, 9): -5.564337321589882e+153, (7, 9): -8.60572403060698e+153, (8, 9): -1.3309488949136165e+154, (9, 9): -2.058426408482953e+154, (10, 9): -3.183532662548274e+154, (11, 9): -4.923605804776399e+154, (12, 9): -7.614777886847033e+154, (13, 9): -1.177690590293873e+155, (14, 9): -1.821399319949189e+155, (15, 9): -2.8169499782481433e+155, (16, 9): -4.356654300372517e+155, (17, 9): -6.737938848583409e+155, (18, 9): -1.0420799264097585e+156, (19, 9): -1.6116658186271237e+156, (20, 9): -2.49257916317417e+156, (21, 9): -3.8549870654838766e+156, (22, 9): -5.9620675221096594e+156, (23, 9): -9.220847835382571e+156, (3, 10): -2.3262989245314035e+153, (4, 10): -3.597820441176087e+153, (5, 10): -5.564337321589882e+153, (6, 10): -8.60572403060698e+153, (7, 10): -1.3309488949136165e+154, (8, 10): -2.058426408482953e+154, (9, 10): -3.183532662548274e+154, (10, 10): -4.923605804776399e+154, (11, 10): -7.614777886847033e+154, (12, 10): -1.177690590293873e+155, (13, 10): -1.821399319949189e+155, (14, 10): -2.8169499782481433e+155, (15, 10): -4.356654300372517e+155, (16, 10): -6.737938848583409e+155, (17, 10): -1.0420799264097585e+156, (18, 10): -1.6116658186271237e+156, (19, 10): -2.49257916317417e+156, (20, 10): -3.8549870654838766e+156, (21, 10): -5.9620675221096594e+156, (22, 10): -9.220847835382571e+156, (23, 10): -1.4260830573953974e+157, (24, 10): -2.205559535194115e+157, (2, 11): -2.3262989245314035e+153, (3, 11): -3.597820441176087e+153, (4, 11): -5.564337321589882e+153, (5, 11): -8.60572403060698e+153, (6, 11): -1.3309488949136165e+154, (7, 11): -2.058426408482953e+154, (8, 11): -3.183532662548274e+154, (9, 11): -4.923605804776399e+154, (10, 11): -7.614777886847033e+154, (11, 11): -1.177690590293873e+155, (12, 11): -1.821399319949189e+155, (13, 11): -2.8169499782481433e+155, (14, 11): -4.356654300372517e+155, (15, 11): -6.737938848583409e+155, (16, 11): -1.0420799264097585e+156, (17, 11): -1.6116658186271237e+156, (18, 11): -2.49257916317417e+156, (19, 11): -3.8549870654838766e+156, (20, 11): -5.9620675221096594e+156, (21, 11): -9.220847835382571e+156, (22, 11): -1.4260830573953974e+157, (23, 11): -2.205559535194115e+157, (24, 11): -3.411086639070101e+157, (25, 11): -5.275537510357206e+157, (1, 12): -2.3262989245314035e+153, (2, 12): -3.597820441176087e+153, (3, 12): -5.564337321589882e+153, (4, 12): -8.60572403060698e+153, (5, 12): -1.3309488949136165e+154, (6, 12): -2.058426408482953e+154, (7, 12): -3.183532662548274e+154, (8, 12): -4.923605804776399e+154, (9, 12): -7.614777886847033e+154, (10, 12): -1.177690590293873e+155, (11, 12): -1.821399319949189e+155, (12, 12): -2.8169499782481433e+155, (13, 12): -4.356654300372517e+155, (14, 12): -6.737938848583409e+155, (15, 12): -1.0420799264097585e+156, (16, 12): -1.6116658186271237e+156, (17, 12): -2.49257916317417e+156, (18, 12): -3.8549870654838766e+156, (19, 12): -5.9620675221096594e+156, (20, 12): -9.220847835382571e+156, (21, 12): -1.4260830573953974e+157, (22, 12): -2.205559535194115e+157, (23, 12): -3.411086639070101e+157, (24, 12): -5.275537510357206e+157, (25, 12): -8.159070398391586e+157, (26, 12): -1.2618700868909634e+158, (0, 13): -2.3262989245314035e+153, (1, 13): -3.597820441176087e+153, (2, 13): -5.564337321589882e+153, (3, 13): -8.60572403060698e+153, (4, 13): -1.3309488949136165e+154, (5, 13): -2.058426408482953e+154, (6, 13): -3.183532662548274e+154, (7, 13): -4.923605804776399e+154, (8, 13): -7.614777886847033e+154, (9, 13): -1.177690590293873e+155, (10, 13): -1.821399319949189e+155, (11, 13): -2.8169499782481433e+155, (12, 13): -4.356654300372517e+155, (13, 13): -6.737938848583409e+155, (14, 13): -1.0420799264097585e+156, (15, 13): -1.6116658186271237e+156, (16, 13): -2.49257916317417e+156, (17, 13): -3.8549870654838766e+156, (18, 13): -5.9620675221096594e+156, (19, 13): -9.220847835382571e+156, (20, 13): -1.4260830573953974e+157, (21, 13): -2.205559535194115e+157, (22, 13): -3.411086639070101e+157, (23, 13): -5.275537510357206e+157, (24, 13): -8.159070398391586e+157, (25, 13): -1.2618700868909634e+158, (26, 13): -1.9515901180410257e+158, (27, 13): -3.018301193127887e+158}
Performing turn 5 of your custom algo strategy
Got EOF, parent game process must have died, exiting for cleanup
