Random seed: 3456676834676775389
---------------- Starting Your Algo --------------------
Configuring your custom algo strategy...
{(13, 0): 0, (14, 0): 0, (12, 1): 0, (13, 1): 0, (14, 1): 0, (15, 1): 0, (11, 2): 0, (12, 2): 0, (13, 2): 0, (14, 2): 0, (15, 2): 0, (16, 2): 0, (10, 3): 0, (11, 3): 0, (12, 3): 0, (13, 3): 0, (14, 3): 0, (15, 3): 0, (16, 3): 0, (17, 3): 0, (9, 4): 0, (10, 4): 0, (11, 4): 0, (12, 4): 0, (13, 4): 0, (14, 4): 0, (15, 4): 0, (16, 4): 0, (17, 4): 0, (18, 4): 0, (8, 5): 0, (9, 5): 0, (10, 5): 0, (11, 5): 0, (12, 5): 0, (13, 5): 0, (14, 5): 0, (15, 5): 0, (16, 5): 0, (17, 5): 0, (18, 5): 0, (19, 5): 0, (7, 6): 0, (8, 6): 0, (9, 6): 0, (10, 6): 0, (11, 6): 0, (12, 6): 0, (13, 6): 0, (14, 6): 0, (15, 6): 0, (16, 6): 0, (17, 6): 0, (18, 6): 0, (19, 6): 0, (20, 6): 0, (6, 7): 0, (7, 7): 0, (8, 7): 0, (9, 7): 0, (10, 7): 0, (11, 7): 0, (12, 7): 0, (13, 7): 0, (14, 7): 0, (15, 7): 0, (16, 7): 0, (17, 7): 0, (18, 7): 0, (19, 7): 0, (20, 7): 0, (21, 7): 0, (5, 8): 0, (6, 8): 0, (7, 8): 0, (8, 8): 0, (9, 8): 0, (10, 8): 0, (11, 8): 0, (12, 8): 0, (13, 8): 0, (14, 8): 0, (15, 8): 0, (16, 8): 0, (17, 8): 0, (18, 8): 0, (19, 8): 0, (20, 8): 0, (21, 8): 0, (22, 8): 0, (4, 9): 0, (5, 9): 0, (6, 9): 0, (7, 9): 0, (8, 9): 0, (9, 9): 0, (10, 9): 0, (11, 9): 0, (12, 9): 0, (13, 9): 0, (14, 9): 0, (15, 9): 0, (16, 9): 0, (17, 9): 0, (18, 9): 0, (19, 9): 0, (20, 9): 0, (21, 9): 0, (22, 9): 0, (23, 9): 0, (3, 10): 0, (4, 10): 0, (5, 10): 0, (6, 10): 0, (7, 10): 0, (8, 10): 0, (9, 10): 0, (10, 10): 0, (11, 10): 0, (12, 10): 0, (13, 10): 0, (14, 10): 0, (15, 10): 0, (16, 10): 0, (17, 10): 0, (18, 10): 0, (19, 10): 0, (20, 10): 0, (21, 10): 0, (22, 10): 0, (23, 10): 0, (24, 10): 0, (2, 11): 0, (3, 11): 0, (4, 11): 0, (5, 11): 0, (6, 11): 0, (7, 11): 0, (8, 11): 0, (9, 11): 0, (10, 11): 0, (11, 11): 0, (12, 11): 0, (13, 11): 0, (14, 11): 0, (15, 11): 0, (16, 11): 0, (17, 11): 0, (18, 11): 0, (19, 11): 0, (20, 11): 0, (21, 11): 0, (22, 11): 0, (23, 11): 0, (24, 11): 0, (25, 11): 0, (1, 12): 0, (2, 12): 0, (3, 12): 0, (4, 12): 0, (5, 12): 0, (6, 12): 0, (7, 12): 0, (8, 12): 0, (9, 12): 0, (10, 12): 0, (11, 12): 0, (12, 12): 0, (13, 12): 0, (14, 12): 0, (15, 12): 0, (16, 12): 0, (17, 12): 0, (18, 12): 0, (19, 12): 0, (20, 12): 0, (21, 12): 0, (22, 12): 0, (23, 12): 0, (24, 12): 0, (25, 12): 0, (26, 12): 0, (0, 13): 0, (1, 13): 0, (2, 13): 0, (3, 13): 0, (4, 13): 0, (5, 13): 0, (6, 13): 0, (7, 13): 0, (8, 13): 0, (9, 13): 0, (10, 13): 0, (11, 13): 0, (12, 13): 0, (13, 13): 0, (14, 13): 0, (15, 13): 0, (16, 13): 0, (17, 13): 0, (18, 13): 0, (19, 13): 0, (20, 13): 0, (21, 13): 0, (22, 13): 0, (23, 13): 0, (24, 13): 0, (25, 13): 0, (26, 13): 0, (27, 13): 0}
Performing turn 0 of your custom algo strategy
Got scored on at: [2, 11]
All locations: [[2, 11]]
Got scored on at: [2, 11]
All locations: [[2, 11], [2, 11]]
Got scored on at: [2, 11]
All locations: [[2, 11], [2, 11], [2, 11]]
Got scored on at: [2, 11]
All locations: [[2, 11], [2, 11], [2, 11], [2, 11]]
Got scored on at: [2, 11]
All locations: [[2, 11], [2, 11], [2, 11], [2, 11], [2, 11]]
{(13, 0): 0.0, (14, 0): 0.0, (12, 1): 0.0, (13, 1): 0.0, (14, 1): 0.0, (15, 1): 0.0, (11, 2): 0.0, (12, 2): 0.0, (13, 2): 0.0, (14, 2): 0.0, (15, 2): 0.0, (16, 2): 0.0, (10, 3): 0.0, (11, 3): 0.0, (12, 3): 0.0, (13, 3): 0.0, (14, 3): 0.0, (15, 3): 0.0, (16, 3): 0.0, (17, 3): 0.0, (9, 4): 0.0, (10, 4): 0.0, (11, 4): 0.0, (12, 4): 0.0, (13, 4): 0.0, (14, 4): 0.0, (15, 4): 0.0, (16, 4): 0.0, (17, 4): 0.0, (18, 4): 0.0, (8, 5): 0.0, (9, 5): 0.0, (10, 5): 0.0, (11, 5): 0.0, (12, 5): 0.0, (13, 5): 0.0, (14, 5): 0.0, (15, 5): 0.0, (16, 5): 0.0, (17, 5): 0.0, (18, 5): 0.0, (19, 5): 0.0, (7, 6): 0.0, (8, 6): 0.0, (9, 6): 0.0, (10, 6): 0.0, (11, 6): 0.0, (12, 6): 0.0, (13, 6): 0.0, (14, 6): 0.0, (15, 6): 0.0, (16, 6): 0.0, (17, 6): 0.0, (18, 6): 0.0, (19, 6): 0.0, (20, 6): 0.0, (6, 7): 0.0, (7, 7): 0.0, (8, 7): 0.0, (9, 7): 0.0, (10, 7): 0.0, (11, 7): 0.0, (12, 7): 0.0, (13, 7): 0.0, (14, 7): 0.0, (15, 7): 0.0, (16, 7): 0.0, (17, 7): 0.0, (18, 7): 0.0, (19, 7): 0.0, (20, 7): 0.0, (21, 7): 0.0, (5, 8): 0.0, (6, 8): 0.0, (7, 8): 0.0, (8, 8): 0.0, (9, 8): 0.0, (10, 8): 0.0, (11, 8): 0.0, (12, 8): 0.0, (13, 8): 0.0, (14, 8): 0.0, (15, 8): 0.0, (16, 8): 0.0, (17, 8): 0.0, (18, 8): 0.0, (19, 8): 0.0, (20, 8): 0.0, (21, 8): 0.0, (22, 8): 0.0, (4, 9): 0.0, (5, 9): 0.0, (6, 9): 0.0, (7, 9): 0.0, (8, 9): 0.0, (9, 9): 0.0, (10, 9): 0.0, (11, 9): 0.0, (12, 9): 0.0, (13, 9): 0.0, (14, 9): 0.0, (15, 9): 0.0, (16, 9): 0.0, (17, 9): 0.0, (18, 9): 0.0, (19, 9): 0.0, (20, 9): 0.0, (21, 9): 0.0, (22, 9): 0.0, (23, 9): 0.0, (3, 10): 0.0, (4, 10): 0.0, (5, 10): 0.0, (6, 10): 0.0, (7, 10): 0.0, (8, 10): 0.0, (9, 10): 0.0, (10, 10): 0.0, (11, 10): 0.0, (12, 10): 0.0, (13, 10): 0.0, (14, 10): 0.0, (15, 10): 0.0, (16, 10): 0.0, (17, 10): 0.0, (18, 10): 0.0, (19, 10): 0.0, (20, 10): 0.0, (21, 10): 0.0, (22, 10): 0.0, (23, 10): 0.0, (24, 10): 0.0, (2, 11): 0.0, (3, 11): 0.0, (4, 11): 0.0, (5, 11): 0.0, (6, 11): 0.0, (7, 11): 0.0, (8, 11): 0.0, (9, 11): 0.0, (10, 11): 0.0, (11, 11): 0.0, (12, 11): 0.0, (13, 11): 0.0, (14, 11): 0.0, (15, 11): 0.0, (16, 11): 0.0, (17, 11): 0.0, (18, 11): 0.0, (19, 11): 0.0, (20, 11): 0.0, (21, 11): 0.0, (22, 11): 0.0, (23, 11): 0.0, (24, 11): 0.0, (25, 11): 0.0, (1, 12): 0.0, (2, 12): 0.0, (3, 12): 0.0, (4, 12): 0.0, (5, 12): 0.0, (6, 12): 0.0, (7, 12): 0.0, (8, 12): 0.0, (9, 12): 0.0, (10, 12): 0.0, (11, 12): 0.0, (12, 12): 0.0, (13, 12): 0.0, (14, 12): 0.0, (15, 12): 0.0, (16, 12): 0.0, (17, 12): 0.0, (18, 12): 0.0, (19, 12): 0.0, (20, 12): 0.0, (21, 12): 0.0, (22, 12): 0.0, (23, 12): 0.0, (24, 12): 0.0, (25, 12): 0.0, (26, 12): 0.0, (0, 13): 0.0, (1, 13): 0.0, (2, 13): 0.0, (3, 13): 0.0, (4, 13): 0.0, (5, 13): 0.0, (6, 13): 0.0, (7, 13): 0.0, (8, 13): 0.0, (9, 13): 0.0, (10, 13): 0.0, (11, 13): 0.0, (12, 13): 0.0, (13, 13): 0.0, (14, 13): 0.0, (15, 13): 0.0, (16, 13): 0.0, (17, 13): 0.0, (18, 13): 0.0, (19, 13): 0.0, (20, 13): 0.0, (21, 13): 0.0, (22, 13): 0.0, (23, 13): 0.0, (24, 13): 0.0, (25, 13): 0.0, (26, 13): 0.0, (27, 13): 0.0}
Performing turn 1 of your custom algo strategy
Got scored on at: [4, 9]
All locations: [[2, 11], [2, 11], [2, 11], [2, 11], [2, 11], [4, 9]]
Got scored on at: [4, 9]
All locations: [[2, 11], [2, 11], [2, 11], [2, 11], [2, 11], [4, 9], [4, 9]]
Got scored on at: [4, 9]
All locations: [[2, 11], [2, 11], [2, 11], [2, 11], [2, 11], [4, 9], [4, 9], [4, 9]]
Got scored on at: [4, 9]
All locations: [[2, 11], [2, 11], [2, 11], [2, 11], [2, 11], [4, 9], [4, 9], [4, 9], [4, 9]]
Got scored on at: [4, 9]
All locations: [[2, 11], [2, 11], [2, 11], [2, 11], [2, 11], [4, 9], [4, 9], [4, 9], [4, 9], [4, 9]]
{(13, 0): -4.3549871041082536e-07, (14, 0): -3.9194883936974283e-07, (12, 1): -4.3549871041082536e-07, (13, 1): -3.9194883936974283e-07, (14, 1): -3.5275395543276854e-07, (15, 1): -3.174785598894917e-07, (11, 2): -4.3549871041082536e-07, (12, 2): -3.9194883936974283e-07, (13, 2): -3.5275395543276854e-07, (14, 2): -3.174785598894917e-07, (15, 2): -2.857307039005426e-07, (16, 2): -2.5715763351048833e-07, (10, 3): -4.3549871041082536e-07, (11, 3): -3.9194883936974283e-07, (12, 3): -3.5275395543276854e-07, (13, 3): -3.174785598894917e-07, (14, 3): -2.857307039005426e-07, (15, 3): -2.5715763351048833e-07, (16, 3): -2.314418701594395e-07, (17, 3): -2.0829768314349555e-07, (9, 4): -4.3549871041082536e-07, (10, 4): -3.9194883936974283e-07, (11, 4): -3.5275395543276854e-07, (12, 4): -3.174785598894917e-07, (13, 4): -2.857307039005426e-07, (14, 4): -2.5715763351048833e-07, (15, 4): -2.314418701594395e-07, (16, 4): -2.0829768314349555e-07, (17, 4): -1.87467914829146e-07, (18, 4): -1.687211233462314e-07, (8, 5): -4.3549871041082536e-07, (9, 5): -3.9194883936974283e-07, (10, 5): -3.5275395543276854e-07, (11, 5): -3.174785598894917e-07, (12, 5): -2.857307039005426e-07, (13, 5): -2.5715763351048833e-07, (14, 5): -2.314418701594395e-07, (15, 5): -2.0829768314349555e-07, (16, 5): -1.87467914829146e-07, (17, 5): -1.687211233462314e-07, (18, 5): -1.5184901101160825e-07, (19, 5): -1.3666410991044743e-07, (7, 6): -4.3549871041082536e-07, (8, 6): -3.9194883936974283e-07, (9, 6): -3.5275395543276854e-07, (10, 6): -3.174785598894917e-07, (11, 6): -2.857307039005426e-07, (12, 6): -2.5715763351048833e-07, (13, 6): -2.314418701594395e-07, (14, 6): -2.0829768314349555e-07, (15, 6): -1.87467914829146e-07, (16, 6): -1.687211233462314e-07, (17, 6): -1.5184901101160825e-07, (18, 6): -1.3666410991044743e-07, (19, 6): -1.229976989194027e-07, (20, 6): -1.1069792902746242e-07, (6, 7): -4.3549871041082536e-07, (7, 7): -3.9194883936974283e-07, (8, 7): -3.5275395543276854e-07, (9, 7): -3.174785598894917e-07, (10, 7): -2.857307039005426e-07, (11, 7): -2.5715763351048833e-07, (12, 7): -2.314418701594395e-07, (13, 7): -2.0829768314349555e-07, (14, 7): -1.87467914829146e-07, (15, 7): -1.687211233462314e-07, (16, 7): -1.5184901101160825e-07, (17, 7): -1.3666410991044743e-07, (18, 7): -1.229976989194027e-07, (19, 7): -1.1069792902746242e-07, (20, 7): -9.962813612471618e-08, (21, 7): -8.966532251224456e-08, (5, 8): -4.3549871041082536e-07, (6, 8): -3.9194883936974283e-07, (7, 8): -3.5275395543276854e-07, (8, 8): -3.174785598894917e-07, (9, 8): -2.857307039005426e-07, (10, 8): -2.5715763351048833e-07, (11, 8): -2.314418701594395e-07, (12, 8): -2.0829768314349555e-07, (13, 8): -1.87467914829146e-07, (14, 8): -1.687211233462314e-07, (15, 8): -1.5184901101160825e-07, (16, 8): -1.3666410991044743e-07, (17, 8): -1.229976989194027e-07, (18, 8): -1.1069792902746242e-07, (19, 8): -9.962813612471618e-08, (20, 8): -8.966532251224456e-08, (21, 8): -8.06987902610201e-08, (22, 8): -7.262891123491809e-08, (4, 9): -4.3549871041082536e-07, (5, 9): -3.9194883936974283e-07, (6, 9): -3.5275395543276854e-07, (7, 9): -3.174785598894917e-07, (8, 9): -2.857307039005426e-07, (9, 9): -2.5715763351048833e-07, (10, 9): -2.314418701594395e-07, (11, 9): -2.0829768314349555e-07, (12, 9): -1.87467914829146e-07, (13, 9): -1.687211233462314e-07, (14, 9): -1.5184901101160825e-07, (15, 9): -1.3666410991044743e-07, (16, 9): -1.229976989194027e-07, (17, 9): -1.1069792902746242e-07, (18, 9): -9.962813612471618e-08, (19, 9): -8.966532251224456e-08, (20, 9): -8.06987902610201e-08, (21, 9): -7.262891123491809e-08, (22, 9): -6.536602011142628e-08, (23, 9): -5.8829418100283656e-08, (3, 10): -4.3549871041082536e-07, (4, 10): -3.9194883936974283e-07, (5, 10): -3.5275395543276854e-07, (6, 10): -3.174785598894917e-07, (7, 10): -2.857307039005426e-07, (8, 10): -2.5715763351048833e-07, (9, 10): -2.314418701594395e-07, (10, 10): -2.0829768314349555e-07, (11, 10): -1.87467914829146e-07, (12, 10): -1.687211233462314e-07, (13, 10): -1.5184901101160825e-07, (14, 10): -1.3666410991044743e-07, (15, 10): -1.229976989194027e-07, (16, 10): -1.1069792902746242e-07, (17, 10): -9.962813612471618e-08, (18, 10): -8.966532251224456e-08, (19, 10): -8.06987902610201e-08, (20, 10): -7.262891123491809e-08, (21, 10): -6.536602011142628e-08, (22, 10): -5.8829418100283656e-08, (23, 10): -5.294647629025529e-08, (24, 10): -4.7651828661229766e-08, (2, 11): -4.3549871041082536e-07, (3, 11): -3.9194883936974283e-07, (4, 11): -3.5275395543276854e-07, (5, 11): -3.174785598894917e-07, (6, 11): -2.857307039005426e-07, (7, 11): -2.5715763351048833e-07, (8, 11): -2.314418701594395e-07, (9, 11): -2.0829768314349555e-07, (10, 11): -1.87467914829146e-07, (11, 11): -1.687211233462314e-07, (12, 11): -1.5184901101160825e-07, (13, 11): -1.3666410991044743e-07, (14, 11): -1.229976989194027e-07, (15, 11): -1.1069792902746242e-07, (16, 11): -9.962813612471618e-08, (17, 11): -8.966532251224456e-08, (18, 11): -8.06987902610201e-08, (19, 11): -7.262891123491809e-08, (20, 11): -6.536602011142628e-08, (21, 11): -5.8829418100283656e-08, (22, 11): -5.294647629025529e-08, (23, 11): -4.7651828661229766e-08, (24, 11): -4.288664579510679e-08, (25, 11): -3.859798121559611e-08, (1, 12): -4.3549871041082536e-07, (2, 12): -3.9194883936974283e-07, (3, 12): -3.5275395543276854e-07, (4, 12): -3.174785598894917e-07, (5, 12): -2.857307039005426e-07, (6, 12): -2.5715763351048833e-07, (7, 12): -2.314418701594395e-07, (8, 12): -2.0829768314349555e-07, (9, 12): -1.87467914829146e-07, (10, 12): -1.687211233462314e-07, (11, 12): -1.5184901101160825e-07, (12, 12): -1.3666410991044743e-07, (13, 12): -1.229976989194027e-07, (14, 12): -1.1069792902746242e-07, (15, 12): -9.962813612471618e-08, (16, 12): -8.966532251224456e-08, (17, 12): -8.06987902610201e-08, (18, 12): -7.262891123491809e-08, (19, 12): -6.536602011142628e-08, (20, 12): -5.8829418100283656e-08, (21, 12): -5.294647629025529e-08, (22, 12): -4.7651828661229766e-08, (23, 12): -4.288664579510679e-08, (24, 12): -3.859798121559611e-08, (25, 12): -3.4738183094036504e-08, (26, 12): -3.1264364784632855e-08, (0, 13): -4.3549871041082536e-07, (1, 13): -3.9194883936974283e-07, (2, 13): -3.5275395543276854e-07, (3, 13): -3.174785598894917e-07, (4, 13): -2.857307039005426e-07, (5, 13): -2.5715763351048833e-07, (6, 13): -2.314418701594395e-07, (7, 13): -2.0829768314349555e-07, (8, 13): -1.87467914829146e-07, (9, 13): -1.687211233462314e-07, (10, 13): -1.5184901101160825e-07, (11, 13): -1.3666410991044743e-07, (12, 13): -1.229976989194027e-07, (13, 13): -1.1069792902746242e-07, (14, 13): -9.962813612471618e-08, (15, 13): -8.966532251224456e-08, (16, 13): -8.06987902610201e-08, (17, 13): -7.262891123491809e-08, (18, 13): -6.536602011142628e-08, (19, 13): -5.8829418100283656e-08, (20, 13): -5.294647629025529e-08, (21, 13): -4.7651828661229766e-08, (22, 13): -4.288664579510679e-08, (23, 13): -3.859798121559611e-08, (24, 13): -3.4738183094036504e-08, (25, 13): -3.1264364784632855e-08, (26, 13): -2.8137928306169572e-08, (27, 13): -2.5324135475552615e-08}
Performing turn 2 of your custom algo strategy
{(13, 0): -4.3549871079014323e-07, (14, 0): -3.9194883971112893e-07, (12, 1): -4.3549871079014323e-07, (13, 1): -3.9194883971112893e-07, (14, 1): -3.5275395574001603e-07, (15, 1): -3.1747856016601446e-07, (11, 2): -4.3549871079014323e-07, (12, 2): -3.9194883971112893e-07, (13, 2): -3.5275395574001603e-07, (14, 2): -3.1747856016601446e-07, (15, 2): -2.8573070414941303e-07, (16, 2): -2.5715763373447174e-07, (10, 3): -4.3549871079014323e-07, (11, 3): -3.9194883971112893e-07, (12, 3): -3.5275395574001603e-07, (13, 3): -3.1747856016601446e-07, (14, 3): -2.8573070414941303e-07, (15, 3): -2.5715763373447174e-07, (16, 3): -2.3144187036102457e-07, (17, 3): -2.0829768332492212e-07, (9, 4): -4.3549871079014323e-07, (10, 4): -3.9194883971112893e-07, (11, 4): -3.5275395574001603e-07, (12, 4): -3.1747856016601446e-07, (13, 4): -2.8573070414941303e-07, (14, 4): -2.5715763373447174e-07, (15, 4): -2.3144187036102457e-07, (16, 4): -2.0829768332492212e-07, (17, 4): -1.874679149924299e-07, (18, 4): -1.6872112349318693e-07, (8, 5): -4.3549871079014323e-07, (9, 5): -3.9194883971112893e-07, (10, 5): -3.5275395574001603e-07, (11, 5): -3.1747856016601446e-07, (12, 5): -2.8573070414941303e-07, (13, 5): -2.5715763373447174e-07, (14, 5): -2.3144187036102457e-07, (15, 5): -2.0829768332492212e-07, (16, 5): -1.874679149924299e-07, (17, 5): -1.6872112349318693e-07, (18, 5): -1.5184901114386824e-07, (19, 5): -1.3666411002948142e-07, (7, 6): -4.3549871079014323e-07, (8, 6): -3.9194883971112893e-07, (9, 6): -3.5275395574001603e-07, (10, 6): -3.1747856016601446e-07, (11, 6): -2.8573070414941303e-07, (12, 6): -2.5715763373447174e-07, (13, 6): -2.3144187036102457e-07, (14, 6): -2.0829768332492212e-07, (15, 6): -1.874679149924299e-07, (16, 6): -1.6872112349318693e-07, (17, 6): -1.5184901114386824e-07, (18, 6): -1.3666411002948142e-07, (19, 6): -1.2299769902653327e-07, (20, 6): -1.1069792912387996e-07, (6, 7): -4.3549871079014323e-07, (7, 7): -3.9194883971112893e-07, (8, 7): -3.5275395574001603e-07, (9, 7): -3.1747856016601446e-07, (10, 7): -2.8573070414941303e-07, (11, 7): -2.5715763373447174e-07, (12, 7): -2.3144187036102457e-07, (13, 7): -2.0829768332492212e-07, (14, 7): -1.874679149924299e-07, (15, 7): -1.6872112349318693e-07, (16, 7): -1.5184901114386824e-07, (17, 7): -1.3666411002948142e-07, (18, 7): -1.2299769902653327e-07, (19, 7): -1.1069792912387996e-07, (20, 7): -9.962813621149196e-08, (21, 7): -8.966532259034277e-08, (5, 8): -4.3549871079014323e-07, (6, 8): -3.9194883971112893e-07, (7, 8): -3.5275395574001603e-07, (8, 8): -3.1747856016601446e-07, (9, 8): -2.8573070414941303e-07, (10, 8): -2.5715763373447174e-07, (11, 8): -2.3144187036102457e-07, (12, 8): -2.0829768332492212e-07, (13, 8): -1.874679149924299e-07, (14, 8): -1.6872112349318693e-07, (15, 8): -1.5184901114386824e-07, (16, 8): -1.3666411002948142e-07, (17, 8): -1.2299769902653327e-07, (18, 8): -1.1069792912387996e-07, (19, 8): -9.962813621149196e-08, (20, 8): -8.966532259034277e-08, (21, 8): -8.06987903313085e-08, (22, 8): -7.262891129817765e-08, (4, 9): -4.3549871079014323e-07, (5, 9): -3.9194883971112893e-07, (6, 9): -3.5275395574001603e-07, (7, 9): -3.1747856016601446e-07, (8, 9): -2.8573070414941303e-07, (9, 9): -2.5715763373447174e-07, (10, 9): -2.3144187036102457e-07, (11, 9): -2.0829768332492212e-07, (12, 9): -1.874679149924299e-07, (13, 9): -1.6872112349318693e-07, (14, 9): -1.5184901114386824e-07, (15, 9): -1.3666411002948142e-07, (16, 9): -1.2299769902653327e-07, (17, 9): -1.1069792912387996e-07, (18, 9): -9.962813621149196e-08, (19, 9): -8.966532259034277e-08, (20, 9): -8.06987903313085e-08, (21, 9): -7.262891129817765e-08, (22, 9): -6.536602016835989e-08, (23, 9): -5.88294181515239e-08, (3, 10): -4.3549871079014323e-07, (4, 10): -3.9194883971112893e-07, (5, 10): -3.5275395574001603e-07, (6, 10): -3.1747856016601446e-07, (7, 10): -2.8573070414941303e-07, (8, 10): -2.5715763373447174e-07, (9, 10): -2.3144187036102457e-07, (10, 10): -2.0829768332492212e-07, (11, 10): -1.874679149924299e-07, (12, 10): -1.6872112349318693e-07, (13, 10): -1.5184901114386824e-07, (14, 10): -1.3666411002948142e-07, (15, 10): -1.2299769902653327e-07, (16, 10): -1.1069792912387996e-07, (17, 10): -9.962813621149196e-08, (18, 10): -8.966532259034277e-08, (19, 10): -8.06987903313085e-08, (20, 10): -7.262891129817765e-08, (21, 10): -6.536602016835989e-08, (22, 10): -5.88294181515239e-08, (23, 10): -5.294647633637151e-08, (24, 10): -4.765182870273436e-08, (2, 11): -4.3549871079014323e-07, (3, 11): -3.9194883971112893e-07, (4, 11): -3.5275395574001603e-07, (5, 11): -3.1747856016601446e-07, (6, 11): -2.8573070414941303e-07, (7, 11): -2.5715763373447174e-07, (8, 11): -2.3144187036102457e-07, (9, 11): -2.0829768332492212e-07, (10, 11): -1.874679149924299e-07, (11, 11): -1.6872112349318693e-07, (12, 11): -1.5184901114386824e-07, (13, 11): -1.3666411002948142e-07, (14, 11): -1.2299769902653327e-07, (15, 11): -1.1069792912387996e-07, (16, 11): -9.962813621149196e-08, (17, 11): -8.966532259034277e-08, (18, 11): -8.06987903313085e-08, (19, 11): -7.262891129817765e-08, (20, 11): -6.536602016835989e-08, (21, 11): -5.88294181515239e-08, (22, 11): -5.294647633637151e-08, (23, 11): -4.765182870273436e-08, (24, 11): -4.2886645832460925e-08, (25, 11): -3.859798124921483e-08, (1, 12): -4.3549871079014323e-07, (2, 12): -3.9194883971112893e-07, (3, 12): -3.5275395574001603e-07, (4, 12): -3.1747856016601446e-07, (5, 12): -2.8573070414941303e-07, (6, 12): -2.5715763373447174e-07, (7, 12): -2.3144187036102457e-07, (8, 12): -2.0829768332492212e-07, (9, 12): -1.874679149924299e-07, (10, 12): -1.6872112349318693e-07, (11, 12): -1.5184901114386824e-07, (12, 12): -1.3666411002948142e-07, (13, 12): -1.2299769902653327e-07, (14, 12): -1.1069792912387996e-07, (15, 12): -9.962813621149196e-08, (16, 12): -8.966532259034277e-08, (17, 12): -8.06987903313085e-08, (18, 12): -7.262891129817765e-08, (19, 12): -6.536602016835989e-08, (20, 12): -5.88294181515239e-08, (21, 12): -5.294647633637151e-08, (22, 12): -4.765182870273436e-08, (23, 12): -4.2886645832460925e-08, (24, 12): -3.859798124921483e-08, (25, 12): -3.473818312429335e-08, (26, 12): -3.126436481186401e-08, (0, 13): -4.3549871079014323e-07, (1, 13): -3.9194883971112893e-07, (2, 13): -3.5275395574001603e-07, (3, 13): -3.1747856016601446e-07, (4, 13): -2.8573070414941303e-07, (5, 13): -2.5715763373447174e-07, (6, 13): -2.3144187036102457e-07, (7, 13): -2.0829768332492212e-07, (8, 13): -1.874679149924299e-07, (9, 13): -1.6872112349318693e-07, (10, 13): -1.5184901114386824e-07, (11, 13): -1.3666411002948142e-07, (12, 13): -1.2299769902653327e-07, (13, 13): -1.1069792912387996e-07, (14, 13): -9.962813621149196e-08, (15, 13): -8.966532259034277e-08, (16, 13): -8.06987903313085e-08, (17, 13): -7.262891129817765e-08, (18, 13): -6.536602016835989e-08, (19, 13): -5.88294181515239e-08, (20, 13): -5.294647633637151e-08, (21, 13): -4.765182870273436e-08, (22, 13): -4.2886645832460925e-08, (23, 13): -3.859798124921483e-08, (24, 13): -3.473818312429335e-08, (25, 13): -3.126436481186401e-08, (26, 13): -2.813792833067761e-08, (27, 13): -2.532413549760985e-08}
Performing turn 3 of your custom algo strategy
Got scored on at: [25, 11]
All locations: [[2, 11], [2, 11], [2, 11], [2, 11], [2, 11], [4, 9], [4, 9], [4, 9], [4, 9], [4, 9], [25, 11]]
Got scored on at: [25, 11]
All locations: [[2, 11], [2, 11], [2, 11], [2, 11], [2, 11], [4, 9], [4, 9], [4, 9], [4, 9], [4, 9], [25, 11], [25, 11]]
Got scored on at: [25, 11]
All locations: [[2, 11], [2, 11], [2, 11], [2, 11], [2, 11], [4, 9], [4, 9], [4, 9], [4, 9], [4, 9], [25, 11], [25, 11], [25, 11]]
Got scored on at: [25, 11]
All locations: [[2, 11], [2, 11], [2, 11], [2, 11], [2, 11], [4, 9], [4, 9], [4, 9], [4, 9], [4, 9], [25, 11], [25, 11], [25, 11], [25, 11]]
Got scored on at: [25, 11]
All locations: [[2, 11], [2, 11], [2, 11], [2, 11], [2, 11], [4, 9], [4, 9], [4, 9], [4, 9], [4, 9], [25, 11], [25, 11], [25, 11], [25, 11], [25, 11]]
{(13, 0): -4.3549871079014323e-07, (14, 0): -3.9194883971112893e-07, (12, 1): -4.3549871079014323e-07, (13, 1): -3.9194883971112893e-07, (14, 1): -3.5275395574001603e-07, (15, 1): -3.1747856016601446e-07, (11, 2): -4.3549871079014323e-07, (12, 2): -3.9194883971112893e-07, (13, 2): -3.5275395574001603e-07, (14, 2): -3.1747856016601446e-07, (15, 2): -2.8573070414941303e-07, (16, 2): -2.5715763373447174e-07, (10, 3): -4.3549871079014323e-07, (11, 3): -3.9194883971112893e-07, (12, 3): -3.5275395574001603e-07, (13, 3): -3.1747856016601446e-07, (14, 3): -2.8573070414941303e-07, (15, 3): -2.5715763373447174e-07, (16, 3): -2.3144187036102457e-07, (17, 3): -2.0829768332492212e-07, (9, 4): -4.3549871079014323e-07, (10, 4): -3.9194883971112893e-07, (11, 4): -3.5275395574001603e-07, (12, 4): -3.1747856016601446e-07, (13, 4): -2.8573070414941303e-07, (14, 4): -2.5715763373447174e-07, (15, 4): -2.3144187036102457e-07, (16, 4): -2.0829768332492212e-07, (17, 4): -1.874679149924299e-07, (18, 4): -1.6872112349318693e-07, (8, 5): -4.3549871079014323e-07, (9, 5): -3.9194883971112893e-07, (10, 5): -3.5275395574001603e-07, (11, 5): -3.1747856016601446e-07, (12, 5): -2.8573070414941303e-07, (13, 5): -2.5715763373447174e-07, (14, 5): -2.3144187036102457e-07, (15, 5): -2.0829768332492212e-07, (16, 5): -1.874679149924299e-07, (17, 5): -1.6872112349318693e-07, (18, 5): -1.5184901114386824e-07, (19, 5): -1.3666411002948142e-07, (7, 6): -4.3549871079014323e-07, (8, 6): -3.9194883971112893e-07, (9, 6): -3.5275395574001603e-07, (10, 6): -3.1747856016601446e-07, (11, 6): -2.8573070414941303e-07, (12, 6): -2.5715763373447174e-07, (13, 6): -2.3144187036102457e-07, (14, 6): -2.0829768332492212e-07, (15, 6): -1.874679149924299e-07, (16, 6): -1.6872112349318693e-07, (17, 6): -1.5184901114386824e-07, (18, 6): -1.3666411002948142e-07, (19, 6): -1.2299769902653327e-07, (20, 6): -1.1069792912387996e-07, (6, 7): -4.3549871079014323e-07, (7, 7): -3.9194883971112893e-07, (8, 7): -3.5275395574001603e-07, (9, 7): -3.1747856016601446e-07, (10, 7): -2.8573070414941303e-07, (11, 7): -2.5715763373447174e-07, (12, 7): -2.3144187036102457e-07, (13, 7): -2.0829768332492212e-07, (14, 7): -1.874679149924299e-07, (15, 7): -1.6872112349318693e-07, (16, 7): -1.5184901114386824e-07, (17, 7): -1.3666411002948142e-07, (18, 7): -1.2299769902653327e-07, (19, 7): -1.1069792912387996e-07, (20, 7): -9.962813621149196e-08, (21, 7): -8.966532259034277e-08, (5, 8): -4.3549871079014323e-07, (6, 8): -3.9194883971112893e-07, (7, 8): -3.5275395574001603e-07, (8, 8): -3.1747856016601446e-07, (9, 8): -2.8573070414941303e-07, (10, 8): -2.5715763373447174e-07, (11, 8): -2.3144187036102457e-07, (12, 8): -2.0829768332492212e-07, (13, 8): -1.874679149924299e-07, (14, 8): -1.6872112349318693e-07, (15, 8): -1.5184901114386824e-07, (16, 8): -1.3666411002948142e-07, (17, 8): -1.2299769902653327e-07, (18, 8): -1.1069792912387996e-07, (19, 8): -9.962813621149196e-08, (20, 8): -8.966532259034277e-08, (21, 8): -8.06987903313085e-08, (22, 8): -7.262891129817765e-08, (4, 9): -4.3549871079014323e-07, (5, 9): -3.9194883971112893e-07, (6, 9): -3.5275395574001603e-07, (7, 9): -3.1747856016601446e-07, (8, 9): -2.8573070414941303e-07, (9, 9): -2.5715763373447174e-07, (10, 9): -2.3144187036102457e-07, (11, 9): -2.0829768332492212e-07, (12, 9): -1.874679149924299e-07, (13, 9): -1.6872112349318693e-07, (14, 9): -1.5184901114386824e-07, (15, 9): -1.3666411002948142e-07, (16, 9): -1.2299769902653327e-07, (17, 9): -1.1069792912387996e-07, (18, 9): -9.962813621149196e-08, (19, 9): -8.966532259034277e-08, (20, 9): -8.06987903313085e-08, (21, 9): -7.262891129817765e-08, (22, 9): -6.536602016835989e-08, (23, 9): -5.88294181515239e-08, (3, 10): -4.3549871079014323e-07, (4, 10): -3.9194883971112893e-07, (5, 10): -3.5275395574001603e-07, (6, 10): -3.1747856016601446e-07, (7, 10): -2.8573070414941303e-07, (8, 10): -2.5715763373447174e-07, (9, 10): -2.3144187036102457e-07, (10, 10): -2.0829768332492212e-07, (11, 10): -1.874679149924299e-07, (12, 10): -1.6872112349318693e-07, (13, 10): -1.5184901114386824e-07, (14, 10): -1.3666411002948142e-07, (15, 10): -1.2299769902653327e-07, (16, 10): -1.1069792912387996e-07, (17, 10): -9.962813621149196e-08, (18, 10): -8.966532259034277e-08, (19, 10): -8.06987903313085e-08, (20, 10): -7.262891129817765e-08, (21, 10): -6.536602016835989e-08, (22, 10): -5.88294181515239e-08, (23, 10): -5.294647633637151e-08, (24, 10): -4.765182870273436e-08, (2, 11): -4.3549871079014323e-07, (3, 11): -3.9194883971112893e-07, (4, 11): -3.5275395574001603e-07, (5, 11): -3.1747856016601446e-07, (6, 11): -2.8573070414941303e-07, (7, 11): -2.5715763373447174e-07, (8, 11): -2.3144187036102457e-07, (9, 11): -2.0829768332492212e-07, (10, 11): -1.874679149924299e-07, (11, 11): -1.6872112349318693e-07, (12, 11): -1.5184901114386824e-07, (13, 11): -1.3666411002948142e-07, (14, 11): -1.2299769902653327e-07, (15, 11): -1.1069792912387996e-07, (16, 11): -9.962813621149196e-08, (17, 11): -8.966532259034277e-08, (18, 11): -8.06987903313085e-08, (19, 11): -7.262891129817765e-08, (20, 11): -6.536602016835989e-08, (21, 11): -5.88294181515239e-08, (22, 11): -5.294647633637151e-08, (23, 11): -4.765182870273436e-08, (24, 11): -4.2886645832460925e-08, (25, 11): -3.859798124921483e-08, (1, 12): -4.3549871079014323e-07, (2, 12): -3.9194883971112893e-07, (3, 12): -3.5275395574001603e-07, (4, 12): -3.1747856016601446e-07, (5, 12): -2.8573070414941303e-07, (6, 12): -2.5715763373447174e-07, (7, 12): -2.3144187036102457e-07, (8, 12): -2.0829768332492212e-07, (9, 12): -1.874679149924299e-07, (10, 12): -1.6872112349318693e-07, (11, 12): -1.5184901114386824e-07, (12, 12): -1.3666411002948142e-07, (13, 12): -1.2299769902653327e-07, (14, 12): -1.1069792912387996e-07, (15, 12): -9.962813621149196e-08, (16, 12): -8.966532259034277e-08, (17, 12): -8.06987903313085e-08, (18, 12): -7.262891129817765e-08, (19, 12): -6.536602016835989e-08, (20, 12): -5.88294181515239e-08, (21, 12): -5.294647633637151e-08, (22, 12): -4.765182870273436e-08, (23, 12): -4.2886645832460925e-08, (24, 12): -3.859798124921483e-08, (25, 12): -3.473818312429335e-08, (26, 12): -3.126436481186401e-08, (0, 13): -4.3549871079014323e-07, (1, 13): -3.9194883971112893e-07, (2, 13): -3.5275395574001603e-07, (3, 13): -3.1747856016601446e-07, (4, 13): -2.8573070414941303e-07, (5, 13): -2.5715763373447174e-07, (6, 13): -2.3144187036102457e-07, (7, 13): -2.0829768332492212e-07, (8, 13): -1.874679149924299e-07, (9, 13): -1.6872112349318693e-07, (10, 13): -1.5184901114386824e-07, (11, 13): -1.3666411002948142e-07, (12, 13): -1.2299769902653327e-07, (13, 13): -1.1069792912387996e-07, (14, 13): -9.962813621149196e-08, (15, 13): -8.966532259034277e-08, (16, 13): -8.06987903313085e-08, (17, 13): -7.262891129817765e-08, (18, 13): -6.536602016835989e-08, (19, 13): -5.88294181515239e-08, (20, 13): -5.294647633637151e-08, (21, 13): -4.765182870273436e-08, (22, 13): -4.2886645832460925e-08, (23, 13): -3.859798124921483e-08, (24, 13): -3.473818312429335e-08, (25, 13): -3.126436481186401e-08, (26, 13): -2.813792833067761e-08, (27, 13): -2.532413549760985e-08}
Performing turn 4 of your custom algo strategy
Traceback (most recent call last):
  File "C:\Users\twkel\CS\terminalc1\C1GamesStarterKit\terminalLive2019\python-algo\algo_strategy.py", line 296, in <module>
    algo.start()
  File "C:\Users\twkel\CS\terminalc1\C1GamesStarterKit\terminalLive2019\python-algo\gamelib\algocore.py", line 74, in start
    self.on_turn(game_state_string)
  File "C:\Users\twkel\CS\terminalc1\C1GamesStarterKit\terminalLive2019\python-algo\algo_strategy.py", line 73, in on_turn
    game_state.submit_turn()
  File "C:\Users\twkel\CS\terminalc1\C1GamesStarterKit\terminalLive2019\python-algo\gamelib\game_state.py", line 168, in submit_turn
    send_command(build_string)
  File "C:\Users\twkel\CS\terminalc1\C1GamesStarterKit\terminalLive2019\python-algo\gamelib\util.py", line 30, in send_command
    sys.stdout.flush()
OSError: [Errno 22] Invalid argument
Exception ignored in: <_io.TextIOWrapper name='<stdout>' mode='w' encoding='cp1252'>
OSError: [Errno 22] Invalid argument
